1024 1 6400
1024 3 8400
1024 5 10000
1024 7 13090
1024 9 16000
1024 11 14666
1024 13 14400
1024 15 16000
1024 17 18666
1024 19 16000
1024 21 16000
1024 23 10000
1024 25 10000
1024 27 10666
1024 29 8000
2048 1 6826
2048 3 9714
2048 5 13600
2048 7 9600
2048 9 7466
2048 11 14153
2048 13 15200
2048 15 13600
2048 17 10909
2048 19 13000
2048 21 12000
2048 23 17600
2048 25 10000
2048 27 18000
2048 29 12800
4096 1 5851
4096 3 4533
4096 5 8160
4096 7 9733
4096 9 8960
4096 11 9200
4096 13 7800
4096 15 9066
4096 17 12000
4096 19 10400
4096 21 9600
4096 23 14666
4096 25 14545
4096 27 16000
4096 29 12363
8192 1 4096
8192 3 6820
8192 5 8160
8192 7 5840
8192 9 8218
8192 11 9300
8192 13 8914
8192 15 10880
8192 17 9600
8192 19 10600
8192 21 12800
8192 23 11733
8192 25 10666
8192 27 14800
8192 29 14000
16384 1 5461
16384 3 6062
16384 5 6544
16384 7 5840
16384 9 6053
16384 11 7440
16384 13 6280
16384 15 5440
16384 17 4800
16384 19 7133
16384 21 8622
16384 23 7911
16384 25 9257
16384 27 7500
16384 29 9333
32768 1 5461
32768 3 5460
32768 5 5460
32768 7 5850
32768 9 6066
32768 11 5952
32768 13 6300
32768 15 7280
32768 17 6400
32768 19 8600
32768 21 7800
32768 23 7120
32768 25 6520
32768 27 6040
32768 29 7520
65536 1 3276
65536 3 4368
65536 5 4368
65536 7 4680
65536 9 5200
65536 11 5410
65536 13 5600
65536 15 5460
65536 17 5497
65536 19 5746
65536 21 6240
65536 23 5696
65536 25 6540
65536 27 6060
65536 29 5640
131072 1 6553
131072 3 5461
131072 5 5241
131072 7 4680
131072 9 7280
131072 11 5956
131072 13 5040
131072 15 5460
131072 17 5502
131072 19 5304
131072 21 5672
131072 23 5696
131072 25 5240
131072 27 5386
131072 29 5640
262144 1 5242
262144 3 4368
262144 5 5242
262144 7 5349
262144 9 5824
262144 11 5956
262144 13 5040
262144 15 5824
262144 17 5138
262144 19 6896
262144 21 4160
262144 23 5696
262144 25 5240
262144 27 4852
262144 29 4516
524288 1 5242
524288 3 5825
524288 5 5242
524288 7 3744
524288 9 5295
524288 11 5295
524288 13 5761
524288 15 4993
524288 17 5140
524288 19 5518
524288 21 4992
524288 23 5698
524288 25 5242
524288 27 6472
524288 29 6024
1048576 1 5242
1048576 3 5825
1048576 5 4194
1048576 7 4993
1048576 9 3883
1048576 11 4766
1048576 13 4032
1048576 15 4993
1048576 17 5140
1048576 19 4244
1048576 21 4992
1048576 23 4558
1048576 25 4659
1048576 27 4854
1048576 29 4519
2097152 1 5242
2097152 3 4993
2097152 5 4660
2097152 7 3744
2097152 9 2912
2097152 11 4766
2097152 13 5377
2097152 15 3495
2097152 17 3084
2097152 19 5518
2097152 21 4993
2097152 23 4341
2097152 25 4194
2097152 27 3883
2097152 29 4820
4194304 1 5242
4194304 3 4660
4194304 5 4194
4194304 7 1997
4194304 9 2330
4194304 11 1906
4194304 13 1613
4194304 15 1997
4194304 17 1542
4194304 19 2207
4194304 21 3994
4194304 23 4559
4194304 25 3355
4194304 27 5178
4194304 29 2892
8388608 1 5242
8388608 3 3994
8388608 5 3355
8388608 7 2396
8388608 9 1553
8388608 11 1525
8388608 13 1613
8388608 15 1864
8388608 17 1233
8388608 19 1103
8388608 21 1331
8388608 23 1823
8388608 25 1118
8388608 27 1035
8388608 29 1928
16777216 1 5592
16777216 3 5084
16777216 5 3355
16777216 7 2663
16777216 9 1694
16777216 11 1525
16777216 13 1433
16777216 15 1398
16777216 17 1233
16777216 19 1261
16777216 21 1141
16777216 23 1042
16777216 25 958
16777216 27 1035
16777216 29 1446
33554432 1 4793
33554432 3 5592
33554432 5 3355
33554432 7 2396
33554432 9 1864
33554432 11 1525
33554432 13 1290
33554432 15 1118
33554432 17 986
33554432 19 1038
33554432 21 1141
33554432 23 1042
33554432 25 671
33554432 27 1129
33554432 29 771
67108864 1 5592
67108864 3 4473
67108864 5 3355
67108864 7 2396
67108864 9 1864
67108864 11 1525
67108864 13 1290
67108864 15 1491
67108864 17 1315
67108864 19 1177
67108864 21 1065
67108864 23 1458
67108864 25 894
67108864 27 1242
67108864 29 771
